Average: 0.5057438102081289
Variance: 0.08250165781836927
Standard Deviation: 0.28723101820376096